%YAML:1.0
calibration_time: "Sun 29 Jan 2017 10:51:50 PM CST"
nframes: 7
image_width: 640
image_height: 480
board_width: 9
board_height: 6
square_size: 1.9500000476837158e+00
flags: 0
camera_matrix: !!opencv-matrix
   rows: 3
   cols: 3
   dt: d
   data: [ 3.0457582232292964e+02, 0., 3.2062575480199666e+02, 0.,
       3.0477027978963986e+02, 2.4246474605013321e+02, 0., 0., 1. ]
distortion_coefficients: !!opencv-matrix
   rows: 5
   cols: 1
   dt: d
   data: [ -3.9748655480427997e-01, 2.0146923071825604e-01,
       -7.9334452674593937e-04, 6.0163079197599176e-04,
       -5.6262629268136383e-02 ]
avg_reprojection_error: 1.5271976104249782e-01
per_view_reprojection_errors: !!opencv-matrix
   rows: 7
   cols: 1
   dt: f
   data: [ 1.91064239e-01, 1.46456659e-01, 1.45033240e-01,
       1.48153245e-01, 1.44033760e-01, 1.37366161e-01, 1.50694937e-01 ]
extrinsic_parameters: !!opencv-matrix
   rows: 7
   cols: 6
   dt: d
   data: [ 2.3508203676550259e-02, 6.3010726075558493e-02,
       2.5158476706091115e-02, -8.9871593340593439e+00,
       -4.1497009705321704e+00, 1.5033706071588151e+01,
       2.3989083730454962e-02, 6.1712801820711670e-02,
       4.9091803062742259e-02, -8.8757104737456398e+00,
       -1.5911493641898478e+00, 1.5068414688545030e+01,
       4.5616757532628324e-02, 6.2553898721549553e-02,
       8.1981139153876781e-02, -8.8387346618001406e+00,
       8.1811968823699205e-02, 1.5123948023165086e+01,
       3.2991966058943924e-02, 7.2022971050996212e-02,
       5.8744233184171012e-02, -6.0271956693527580e+00,
       9.0620196153599575e-01, 1.5153971520979365e+01,
       4.1835295232787201e-02, 6.0976160468143838e-02,
       6.5702755154643064e-02, -6.1975168526484055e+00,
       -1.6632587354830750e+00, 1.5042247482779315e+01,
       3.9865486506858963e-02, 6.2555441200354667e-02,
       5.4548612802064494e-02, -6.1431351502102425e+00,
       -5.1644489064718719e+00, 1.4867204980226756e+01,
       2.7545596651409845e-02, 5.4912074160080253e-02,
       3.8886711201133167e-01, -9.5051150485507048e+00,
       -8.0187920573543536e+00, 1.4790229381428166e+01 ]
image_points: !!opencv-matrix
   rows: 7
   cols: 54
   dt: "2f"
   data: [ 1.63480347e+02, 1.69704132e+02, 1.91378098e+02,
       1.67046722e+02, 2.22884720e+02, 1.64663376e+02, 2.58240479e+02,
       1.62993164e+02, 2.96176880e+02, 1.62309296e+02, 3.35719177e+02,
       1.62475983e+02, 3.75546173e+02, 1.63902939e+02, 4.13543945e+02,
       1.66217728e+02, 4.48765778e+02, 1.69274673e+02, 1.61114914e+02,
       2.03473419e+02, 1.88804337e+02, 2.02373535e+02, 2.20719269e+02,
       2.01524765e+02, 2.56373047e+02, 2.01045883e+02, 2.94781311e+02,
       2.01083344e+02, 3.34999573e+02, 2.01647934e+02, 3.75648895e+02,
       2.02785797e+02, 4.14538635e+02, 2.04467941e+02, 4.50452209e+02,
       2.06590775e+02, 1.59959610e+02, 2.37791183e+02, 1.87883255e+02,
       2.38532822e+02, 2.19461121e+02, 2.39443054e+02, 2.55106033e+02,
       2.40301758e+02, 2.93577820e+02, 2.41398331e+02, 3.33917969e+02,
       2.42391342e+02, 3.74888641e+02, 2.43494385e+02, 4.13734711e+02,
       2.44464417e+02, 4.49626678e+02, 2.45376999e+02, 1.60472397e+02,
       2.72327637e+02, 1.87800232e+02, 2.74756500e+02, 2.19321976e+02,
       2.77341309e+02, 2.54614410e+02, 2.79588257e+02, 2.92852264e+02,
       2.81541931e+02, 3.32774658e+02, 2.83157440e+02, 3.73305145e+02,
       2.83865173e+02, 4.11921997e+02, 2.84314087e+02, 4.47581238e+02,
       2.83988220e+02, 1.62373703e+02, 3.05408905e+02, 1.89650208e+02,
       3.09410919e+02, 2.20574875e+02, 3.13458527e+02, 2.55321884e+02,
       3.16803925e+02, 2.92621857e+02, 3.19617371e+02, 3.31628571e+02,
       3.21542816e+02, 3.71284485e+02, 3.22430450e+02, 4.08728119e+02,
       3.21926941e+02, 4.44046295e+02, 3.20619507e+02, 1.65605194e+02,
       3.36542297e+02, 1.92265442e+02, 3.41907898e+02, 2.22636078e+02,
       3.47091461e+02, 2.56450073e+02, 3.51417999e+02, 2.92640442e+02,
       3.54804108e+02, 3.30422607e+02, 3.56638275e+02, 3.68490509e+02,
       3.57382172e+02, 4.05012909e+02, 3.56582306e+02, 4.39264008e+02,
       3.54492401e+02, 1.62581711e+02, 2.14041458e+02, 1.90667038e+02,
       2.14406723e+02, 2.22817062e+02, 2.15135483e+02, 2.58906158e+02,
       2.16091156e+02, 2.97728210e+02, 2.17489441e+02, 3.38231323e+02,
       2.19256485e+02, 3.78992920e+02, 2.21486008e+02, 4.17483795e+02,
       2.23777634e+02, 4.52975677e+02, 2.26290558e+02, 1.61434387e+02,
       2.48691711e+02, 1.89340790e+02, 2.50757828e+02, 2.21368835e+02,
       2.53136169e+02, 2.57204102e+02, 2.55510925e+02, 2.95803253e+02,
       2.57827759e+02, 3.36226868e+02, 2.60132843e+02, 3.76795990e+02,
       2.61959564e+02, 4.15543091e+02, 2.63598999e+02, 4.51152618e+02,
       2.64796844e+02, 1.61561081e+02, 2.82731934e+02, 1.89456573e+02,
       2.86619263e+02, 2.20939880e+02, 2.90476715e+02, 2.56337952e+02,
       2.94005127e+02, 2.94370697e+02, 2.97340851e+02, 3.33907013e+02,
       2.99790649e+02, 3.74101990e+02, 3.01624512e+02, 4.12057861e+02,
       3.02417908e+02, 4.47257690e+02, 3.02475922e+02, 1.63415131e+02,
       3.15531433e+02, 1.90445465e+02, 3.20977356e+02, 2.21497528e+02,
       3.26051422e+02, 2.56309784e+02, 3.30550842e+02, 2.93258423e+02,
       3.34395538e+02, 3.31665405e+02, 3.37282257e+02, 3.70520203e+02,
       3.38632477e+02, 4.07623993e+02, 3.39077240e+02, 4.42191406e+02,
       3.38198700e+02, 1.66395844e+02, 3.45773682e+02, 1.93478928e+02,
       3.52123230e+02, 2.23483231e+02, 3.58235168e+02, 2.56940857e+02,
       3.63480774e+02, 2.92511658e+02, 3.67749908e+02, 3.29556152e+02,
       3.70781006e+02, 3.66808014e+02, 3.72269501e+02, 4.02589325e+02,
       3.71729034e+02, 4.36206818e+02, 3.70353790e+02, 1.70586792e+02,
       3.73264435e+02, 1.96611084e+02, 3.80461884e+02, 2.26008163e+02,
       3.87128479e+02, 2.58092896e+02, 3.92924835e+02, 2.92275146e+02,
       3.97355957e+02, 3.27524658e+02, 4.00240265e+02, 3.63019043e+02,
       4.01390839e+02, 3.97348297e+02, 4.00912170e+02, 4.29609070e+02,
       3.99001984e+02, 1.63214249e+02, 2.43852737e+02, 1.91344589e+02,
       2.47097153e+02, 2.23411530e+02, 2.50512619e+02, 2.59490540e+02,
       2.53948212e+02, 2.98246368e+02, 2.57704559e+02, 3.38510834e+02,
       2.61183685e+02, 3.78845886e+02, 2.64510895e+02, 4.17199066e+02,
       2.67309296e+02, 4.52297058e+02, 2.69629517e+02, 1.62681747e+02,
       2.77943542e+02, 1.90525116e+02, 2.82761353e+02, 2.22197311e+02,
       2.87613678e+02, 2.57515869e+02, 2.92326630e+02, 2.95481873e+02,
       2.96743378e+02, 3.34838043e+02, 3.00599426e+02, 3.74591400e+02,
       3.03603180e+02, 4.12384033e+02, 3.05696533e+02, 4.47163513e+02,
       3.06834137e+02, 1.63667557e+02, 3.10462524e+02, 1.91246811e+02,
       3.16496674e+02, 2.22014145e+02, 3.22605682e+02, 2.56419800e+02,
       3.28275543e+02, 2.93221771e+02, 3.33287354e+02, 3.31430939e+02,
       3.37285431e+02, 3.69796967e+02, 3.40046692e+02, 4.06535126e+02,
       3.41351166e+02, 4.40536499e+02, 3.41524658e+02, 1.65794266e+02,
       3.40740387e+02, 1.92507263e+02, 3.47950378e+02, 2.22642029e+02,
       3.54841003e+02, 2.55997589e+02, 3.60869507e+02, 2.91394073e+02,
       3.66296753e+02, 3.27875305e+02, 3.70278046e+02, 3.64769958e+02,
       3.72680573e+02, 4.00246735e+02, 3.73638977e+02, 4.33332916e+02,
       3.73334808e+02, 1.69159454e+02, 3.68107422e+02, 1.95470078e+02,
       3.75712067e+02, 2.24478409e+02, 3.83225677e+02, 2.56375427e+02,
       3.89601685e+02, 2.90059692e+02, 3.95158417e+02, 3.24730682e+02,
       3.99190186e+02, 3.59973633e+02, 4.01439148e+02, 3.93622406e+02,
       4.01924957e+02, 4.25642517e+02, 4.01120331e+02, 1.73437866e+02,
       3.92361786e+02, 1.98635269e+02, 4.00571686e+02, 2.26628174e+02,
       4.08059204e+02, 2.56863708e+02, 4.14828583e+02, 2.88984009e+02,
       4.20259796e+02, 3.21915741e+02, 4.23858765e+02, 3.55290497e+02,
       4.26100586e+02, 3.87469543e+02, 4.26481079e+02, 4.18096313e+02,
       4.25420410e+02, 2.06855469e+02, 2.59625305e+02, 2.40318604e+02,
